function F=my00(t)
F=0.6600e4 * exp(-log(0.2e1) * t/ 0.6e1) - 0.6600e4 * exp(-log(0.2e1) * t/ 0.5e1)-200;