function F=my01(t)
F=-200-0.4125e4 / log(0.2e1) * (-0.4e1 / 0.5e1 * log(0.2e1) * (2 ^ (0.2e1 / 0.3e1)) + log(0.2e1) * (2 ^ (0.3e1 / 0.5e1))) * (2 ^ (0.2e1 / 0.3e1)) * exp(-log(0.2e1) * t / 0.3e1) + 0.1650e4 * exp(-log(0.2e1) * t / 0.5e1);
