function F=my02(t)
F=-200+0.2750e4 * (0.24e2 / 0.5e1 * log(0.2e1) * (2 ^ (0.2e1 / 0.3e1)) - 0.5e1 * log(0.2e1) * (2 ^ (0.3e1 / 0.5e1))) / log(0.2e1) * exp(-log(0.2e1) * t) + 0.275e3 * exp(-log(0.2e1) * t / 0.5e1);