function F=my031(t)
F=-200-660*2.^(3/5-(1/5)*t)+(11880/19)*2.^(-(1/6)*t+23/45)-(62040/19)*2.^(-(1/6)*t+14/15)+6600*2.^(-(1/6)*t);