function F=my3(t)
F=-200-0.3300e4 * (-2 ^ (0.2e1 / 0.3e1) + 2 ^ (0.3e1 / 0.5e1)) * (2 ^ (0.1e1 / 0.3e1)) * exp(-log(0.2e1) * t / 0.6e1);
